STANDARD 1 0 3.72727 2.75193
KC 1 0 1.54545 0.241456
STANDARD 1 2 3.27273 2.15281
KC 1 2 1.63636 0.286581
STANDARD 1 4 3.45455 1.33082
KC 1 4 1.45455 0.253417
STANDARD 1 6 3 1.0852
KC 1 6 1.63636 0.239216
STANDARD 1 8 3.27273 1.33571
KC 1 8 1.45455 0.283925
STANDARD 1 10 3.63636 1.95077
KC 1 10 1.72727 0.302417
STANDARD 21 0 5.45455 15.6488
KC 21 0 1.54545 7.36713
STANDARD 21 2 6.36364 36.2851
KC 21 2 1.63636 7.93387
STANDARD 21 4 5.45455 16.3383
KC 21 4 1.72727 8.03089
STANDARD 21 6 8.18182 54.8164
KC 21 6 1.72727 7.49482
STANDARD 21 8 6.18182 21.8863
KC 21 8 1.45455 7.03536
STANDARD 21 10 6.63636 28.45
KC 21 10 1.63636 7.12616
STANDARD 41 0 7.09091 71.3249
KC 41 0 1.72727 35.664
STANDARD 41 2 6.63636 43.6869
KC 41 2 1.63636 30.8827
STANDARD 41 4 7.36364 41.2686
KC 41 4 1.72727 31.4032
STANDARD 41 6 6.63636 49.4271
KC 41 6 1.63636 37.7092
STANDARD 41 8 4.72727 18.3298
KC 41 8 1.54545 36.8102
STANDARD 41 10 4.18182 18.2438
KC 41 10 1.45455 29.1879
STANDARD 61 0 6.90909 41.386
KC 61 0 1.72727 71.6651
STANDARD 61 2 5.45455 39.6618
KC 61 2 1.81818 87.2643
STANDARD 61 4 4.81818 15.2782
KC 61 4 1.45455 83.7053
STANDARD 61 6 7.18182 60.2786
KC 61 6 1.63636 77.9379
STANDARD 61 8 5.72727 38.0433
KC 61 8 1.54545 66.6985
STANDARD 61 10 5.09091 39.2491
KC 61 10 1.54545 86.8515
STANDARD 81 0 5.18182 41.7526
KC 81 0 1.54545 141.785
STANDARD 81 2 5.36364 31.4481
KC 81 2 1.45455 142.062
STANDARD 81 4 7.36364 67.5805
KC 81 4 1.54545 138.408
STANDARD 81 6 5.81818 30.3535
KC 81 6 1.63636 107.742
STANDARD 81 8 7.54545 78.6229
KC 81 8 1.54545 118.24
STANDARD 81 10 3.36364 12.8605
KC 81 10 1.54545 160.297
